0
512
86
179
180
147
0
0
55
110
0
375
0
127
281
186
114
1
408
386
21
271
209
128
378
51
126
121
239
106
98
24
262
345
489
214
476
276
132
468
277
425
215
1
468
1
794
596
968
347
547
646
547
691
763
548
548
707
763
548
763
691
562
786
567
883
763
628
673
548
799
809
623
607
549
691
661
567
570
579
630
750
572
224
549
686
672
578
809
549
686
578
672
671
662
549
578
899
52
899
372
25
899
235
132
446
260
70
2
409
139
708
524
726
550
149
550
131
402
3
876
425
551
23
345
59
4
151
113
492
356
113
4
356
492
59
151
4
356
151
356
4
59
43
4
343
5
343
5
158
109
366
266
244
6
11
216
496
141
32
471
141
6
878
552
752
732
663
552
821
603
552
704
829
855
553
783
737
516
553
553
688
7
297
306
183
181
307
502
182
501
459
7
349
127
7
26
412
7
192
7
81
449
7
502
219
8
95
8
554
722
554
557
685
559
557
563
554
664
555
777
772
580
772
777
580
555
826
589
612
777
555
580
555
884
39
563
555
39
555
39
733
39
555
794
556
831
468
719
557
652
575
719
557
558
640
592
685
52
900
982
994
997
706
744
450
545
743
638
478
982
900
57
812
24
480
88
982
322
27
116
28
237
744
52
900
706
982
52
322
900
722
559
560
732
732
560
752
889
591
732
560
647
811
732
560
687
591
732
560
683
561
683
756
561
871
683
871
561
823
807
803
561
683
871
854
683
561
683
561
854
561
705
866
670
604
683
855
683
561
944
701
816
594
562
816
944
562
594
701
562
701
945
594
562
751
39
563
719
563
863
776
563
564
698
85
564
566
698
779
350
259
9
765
9
170
9
436
808
565
733
39
631
987
901
758
901
520
568
10
375
256
12
283
448
240
902
732
459
13
318
14
358
222
287
503
544
368
15
186
61
186
377
16
186
546
16
271
209
16
290
114
16
315
186
107
16
377
222
328
418
72
378
380
16
186
24
957
401
224
986
905
903
903
957
37
17
17
464
239
18
134
488
489
421
103
106
18
235
177
18
309
82
268
288
60
18
210
568
758
569
814
434
824
764
770
627
236
262
105
133
156
115
19
173
481
19
105
293
156
115
19
278
173
133
19
128
105
115
19
236
173
156
506
20
626
571
402
312
713
713
372
327
188
571
626
402
25
904
936
904
157
209
408
21
378
408
209
114
514
386
271
21
538
539
186
46
90
378
209
538
408
271
21
539
114
386
46
90
209
408
386
114
35
225
538
21
539
378
271
186
290
128
514
209
21
238
114
271
21
386
378
209
539
408
890
23
425
23
425
780
425
345
23
771
765
88
24
656
296
740
345
425
88
23
23
869
610
425
425
743
812
88
23
425
654
345
847
23
843
573
239
624
88
432
22
432
22
431
22
432
759
431
22
432
239
24
24
106
88
24
98
476
800
650
24
239
24
24
88
24
744
24
132
874
873
24
574
624
659
239
576
721
719
576
25
872
372
420
489
907
25
682
923
804
421
949
947
480
748
372
949
804
480
25
421
372
489
238
234
122
377
378
379
186
114
286
239
372
271
298
301
90
480
489
299
40
408
222
25
27
54
170
246
801
577
719
577
822
653
578
578
616
389
27
373
64
531
299
186
377
138
40
457
378
379
27
54
620
717
27
286
80
234
88
299
186
374
27
27
300
291
580
660
39
727
775
581
762
116
28
28
272
186
74
116
966
116
28
111
116
72
28
378
267
301
228
116
186
28
175
174
222
98
52
116
28
476
747
734
842
582
250
29
479
494
344
135
99
205
203
76
448
30
99
30
30
99
201
30
338
99
30
99
99
331
334
30
333
334
30
99
147
583
119
136
203
448
31
584
878
700
224
878
584
840
585
836
586
166
586
745
836
32
472
604
587
464
397
33
33
397
381
537
799
588
636
711
588
612
589
612
589
473
191
34
130
229
190
190
191
34
473
229
130
476
590
875
98
407
170
36
523
423
522
222
186
47
247
543
47
128
424
407
186
122
167
36
406
220
222
406
137
36
88
128
170
36
186
170
328
247
222
246
36
543
377
186
407
544
144
36
543
406
128
523
199
522
247
440
407
47
222
423
378
111
220
186
170
144
153
56
186
321
36
222
247
37
142
789
622
593
789
622
593
593
622
720
622
593
634
622
593
711
696
38
39
342
127
863
39
222
40
170
964
906
55
238
226
90
209
41
923
748
907
923
907
748
907
923
489
489
42
438
362
186
295
365
134
543
239
413
675
595
596
468
489
738
805
806
597
370
434
44
44
117
370
343
381
94
257
44
370
370
250
44
316
325
68
470
295
57
106
45
128
46
538
531
64
451
186
741
705
858
823
598
845
728
888
366
471
599
761
367
846
714
600
92
65
601
621
885
865
840
625
795
602
224
730
897
731
602
897
224
795
730
338
48
525
354
530
49
505
506
263
500
398
157
492
50
276
51
468
262
969
908
908
166
605
766
649
832
641
766
52
170
111
186
52
613
52
280
52
55
606
702
606
702
231
607
208
738
695
607
693
607
738
165
750
750
607
607
630
254
53
379
162
54
377
543
114
186
378
271
103
732
55
480
111
174
55
425
239
239
425
55
55
103
55
239
102
134
235
55
425
608
856
850
759
858
856
336
608
608
856
858
247
128
235
57
186
851
852
748
57
480
794
480
794
57
841
748
480
794
57
748
57
874
609
58
429
285
530
58
98
909
476
971
909
98
476
924
611
758
611
768
910
744
613
818
657
898
613
898
613
975
614
59
492
615
803
833
190
444
459
416
104
443
60
911
177
911
510
88
425
62
392
912
476
912
476
98
533
310
63
63
310
375
310
63
63
310
833
617
803
866
618
679
929
913
1007
939
1017
913
1007
92
456
266
65
65
690
92
914
544
837
619
619
837
866
844
881
858
880
66
119
185
170
222
186
187
67
915
797
1015
447
68
316
621
892
621
824
69
204
275
485
448
230
71
444
443
343
222
378
186
72
293
624
239
541
365
916
830
364
917
150
73
492
100
356
889
74
764
627
843
847
627
629
764
764
627
477
883
628
731
224
75
205
445
76
205
76
204
205
76
203
396
77
253
695
339
79
493
78
753
148
339
79
148
78
695
753
493
700
633
889
825
214
632
534
438
632
427
632
715
637
651
635
666
736
341
321
83
436
327
84
419
84
542
799
711
636
328
128
949
636
85
262
689
85
698
179
86
456
179
456
86
998
918
364
1016
650
638
132
87
140
87
132
140
140
87
132
667
849
743
88
891
684
289
896
868
425
941
985
1012
89
965
319
534
232
178
89
985
941
89
114
666
90
271
290
90
699
680
408
90
678
90
328
377
186
128
90
408
378
539
209
328
1010
90
408
90
386
271
328
378
186
538
328
114
90
539
540
408
378
386
290
271
441
1014
919
920
953
961
461
91
93
349
838
639
639
644
691
639
838
95
183
375
203
96
119
467
921
640
1007
97
311
98
476
106
533
476
98
976
98
476
154
428
101
354
375
146
354
101
338
403
394
882
866
857
642
643
798
1001
376
134
239
102
289
170
213
267
279
489
128
102
186
164
922
543
957
239
134
103
120
103
878
212
103
211
239
265
103
489
103
421
103
103
343
156
105
259
173
115
990
105
173
209
228
105
128
543
259
173
105
359
543
173
425
106
489
947
106
489
106
489
817
645
648
707
108
239
111
111
156
115
464
382
112
668
112
217
343
113
113
356
113
356
539
408
271
209
186
114
386
386
408
539
271
114
540
115
156
486
115
156
487
304
115
156
156
115
115
156
543
486
115
156
117
975
117
168
928
117
978
695
149
118
339
753
149
118
529
327
337
118
125
149
529
524
203
119
448
785
651
788
235
120
121
760
175
186
227
228
174
222
122
128
122
261
286
974
122
174
186
175
128
122
222
457
495
321
423
231
186
122
654
678
654
162
678
654
284
123
848
365
541
655
124
269
161
458
124
155
124
943
540
386
539
538
128
408
328
222
170
321
128
436
186
237
371
128
128
186
315
186
128
170
322
128
186
291
170
186
222
128
273
286
128
128
340
436
384
383
186
247
436
128
137
378
439
440
406
423
170
128
186
407
993
128
497
128
186
129
207
348
190
189
130
171
375
530
499
130
740
656
242
404
292
132
132
229
159
132
295
422
133
236
133
350
173
259
258
658
1011
711
134
676
675
239
265
186
407
134
239
999
954
134
174
239
980
494
135
378
363
221
267
362
170
406
174
137
834
137
186
423
222
407
406
440
170
407
439
170
137
423
406
299
138
373
697
665
793
669
746
469
665
469
746
925
153
687
878
666
489
893
666
421
421
489
666
421
666
926
981
201
143
528
246
144
245
247
170
328
544
222
186
407
145
323
388
172
387
668
992
668
989
464
774
668
464
668
669
469
746
866
844
670
755
692
866
670
865
670
853
460
147
927
797
798
988
492
151
343
151
936
151
356
203
152
458
155
796
157
160
501
867
421
674
327
930
767
709
718
675
860
468
677
678
271
271
678
757
679
739
336
412
679
880
679
858
337
161
176
161
527
166
931
166
931
203
932
166
166
932
162
377
328
378
328
162
377
176
460
163
529
337
681
773
824
166
164
426
935
166
933
935
166
935
934
169
417
186
186
170
298
222
497
170
286
186
247
170
286
247
186
222
497
497
286
222
170
186
247
543
222
170
436
497
222
186
170
186
170
222
170
186
267
170
247
222
186
186
170
170
378
270
436
186
377
321
509
170
424
423
247
186
170
407
406
186
247
497
170
222
937
463
803
172
684
868
947
174
174
415
174
999
938
483
177
795
178
512
520
435
178
307
181
501
307
501
329
349
182
433
185
184
429
412
185
521
185
414
185
419
185
981
186
541
328
543
223
186
186
378
290
186
202
222
186
353
378
186
377
186
378
498
233
186
186
315
378
186
378
186
186
305
517
186
222
369
186
186
369
186
369
436
186
186
222
186
498
377
282
186
186
483
474
186
186
377
378
186
247
222
365
186
515
220
519
420
360
186
229
186
321
186
424
186
198
224
186
186
378
247
187
943
188
193
194
1002
376
196
195
194
193
194
492
376
376
1001
196
196
338
197
401
459
200
356
201
264
201
338
354
354
252
201
294
201
255
240
203
274
203
448
203
354
338
206
448
206
448
813
209
694
822
695
493
339
753
339
753
695
493
339
493
753
695
745
695
760
214
760
214
696
696
760
835
749
214
214
760
427
940
218
217
464
942
219
505
459
436
222
378
222
259
267
222
944
945
224
751
224
700
224
945
786
224
977
700
224
477
731
700
751
700
1006
437
229
415
415
229
424
231
366
888
703
489
946
946
489
706
958
784
706
744
742
450
235
996
817
708
708
311
948
434
239
262
970
239
792
710
468
241
729
243
463
712
738
989
464
950
248
459
250
344
249
344
325
249
250
343
324
250
249
317
358
453
250
452
250
317
325
326
250
250
454
325
987
951
415
407
406
377
251
1016
952
967
1002
253
338
254
396
254
354
361
254
530
385
254
536
352
429
525
375
354
396
405
338
254
1009
953
961
981
953
981
953
1009
953
445
263
263
459
505
506
391
263
263
459
962
715
828
716
270
271
792
543
800
544
717
992
955
443
430
275
751
956
854
723
724
824
402
957
826
725
859
757
727
284
728
328
377
286
301
468
729
732
1004
863
733
735
734
735
734
735
874
874
735
482
480
489
1000
289
289
1005
794
480
289
872
289
489
970
291
300
291
459
466
294
984
983
295
301
377
972
298
301
299
345
302
377
328
325
303
343
442
443
308
369
959
960
847
327
311
313
459
459
313
526
314
412
320
965
865
754
791
756
858
757
757
387
459
325
326
344
1008
327
328
377
378
328
328
538
539
540
408
543
330
544
989
963
331
332
333
334
335
354
338
530
338
354
530
338
525
530
354
460
338
459
530
338
343
443
343
470
443
444
343
442
443
356
343
462
343
356
343
460
343
442
443
343
460
459
537
343
425
345
345
890
484
346
375
346
861
968
467
349
351
396
826
769
820
465
356
504
390
354
357
354
355
461
459
355
355
530
429
511
356
356
455
490
356
426
358
420
393
360
773
774
367
366
367
366
367
513
778
779
443
459
375
781
434
782
864
985
973
985
973
535
411
381
537
384
436
842
787
1003
388
1003
388
819
790
865
976
1018
508
459
400
394
400
399
395
492
398
400
459
793
992
795
979
459
410
412
995
825
802
448
419
420
872
421
489
515
984
514
810
815
871
844
865
817
866
862
844
817
866
865
819
991
502
441
542
443
460
459
823
866
877
824
824
865
894
824
870
865
865
827
459
448
525
828
991
458
462
518
459
459
460
492
459
459
491
459
460
459
460
463
865
839
468
895
840
468
995
475
858
879
861
509
864
865
507
506
1012
1013
517
886
887
