275
88
115
88
567
223
88
1315
460
88
663
662
176
223
88
581
88
616
293
88
714
1095
271
983
88
1068
69
869
28
915
88
708
707
88
591
53
98
88
606
88
1232
88
522
876
875
420
1192
261
88
260
1067
80
88
1245
225
88
307
1029
88
591
88
420
579
855
88
763
719
381
88
1086
88
855
970
1009
391
392
88
88
404
445
88
770
606
485
88
88
591
88
474
494
420
88
634
866
804
88
855
888
641
1125
80
88
88
80
88
708
487
725
974
88
581
898
1104
88
1133
88
274
88
581
88
663
581
88
88
420
522
591
88
581
88
522
420
591
1084
621
620
88
176
855
511
88
1090
486
382
591
420
88
88
176
88
591
522
420
92
88
470
271
88
292
445
334
88
1085
154
88
494
88
474
88
522
763
88
295
88
436
736
437
677
88
569
1095
88
1183
801
115
88
115
275
307
152
88
771
125
18
19
88
115
261
801
976
88
98
88
88
1012
543
22
79
69
99
88
125
474
88
894
88
78
88
70
335
624
88
566
88
420
225
194
677
88
88
69
271
88
420
98
99
88
349
88
474
88
210
88
1024
830
88
88
1009
1009
88
392
1309
1009
88
88
420
88
583
88
176
1084
382
88
522
561
7
88
875
88
271
98
445
88
1073
334
80
677
88
445
88
88
581
522
88
100
88
975
364
225
983
88
69
100
88
88
80
88
985
88
420
849
855
641
88
1166
88
494
474
493
470
88
591
115
445
98
1024
88
88
549
420
220
88
88
591
88
98
109
875
88
88
739
88
581
88
594
782
88
1074
604
606
606
88
195
591
663
546
561
88
88
955
1095
918
1224
770
88
1065
100
99
88
88
663
176
955
115
88
88
604
195
486
1121
88
88
926
88
420
88
80
88
80
88
80
80
1110
1113
88
88
591
88
621
1040
88
1084
88
567
1153
80
1040
621
88
591
88
195
1074
641
1119
88
88
496
88
763
581
120
494
88
543
945
1116
581
88
88
891
895
875
88
897
549
88
849
1009
1309
391
392
88
135
88
223
88
581
304
88
420
740
508
491
88
377
88
98
677
88
420
1280
393
1286
840
92
931
292
46
932
282
234
282
282
1314
1249
293
344
516
282
209
292
282
244
292
209
282
46
46
282
292
706
283
282
292
282
112
255
24
282
155
206
282
1229
282
241
856
282
293
293
282
87
292
154
282
292
154
456
282
91
706
1156
292
282
240
154
211
109
282
32
293
282
292
388
404
282
794
1322
154
282
292
1231
733
282
250
496
292
733
282
289
282
292
733
388
155
34
282
293
292
733
289
282
283
733
287
282
248
73
642
282
292
1308
833
292
282
250
282
292
154
240
293
292
282
282
733
282
154
293
282
444
94
292
388
209
282
1
316
881
282
292
282
289
456
282
292
29
496
283
282
250
271
154
294
733
986
1190
155
1228
765
293
1188
733
833
271
469
733
733
87
456
733
706
292
570
154
733
316
292
293
257
733
255
286
733
850
733
154
240
292
856
733
292
322
244
283
36
292
287
16
293
1231
968
286
287
293
931
362
783
154
1301
362
49
329
335
1108
49
1225
990
989
989
899
990
989
899
990
1135
292
271
248
850
271
484
271
39
292
1051
461
271
292
301
271
767
706
292
394
292
271
308
271
1292
271
271
984
1153
850
320
271
375
1170
271
292
41
109
292
271
587
271
215
1148
213
292
1153
271
11
154
292
271
240
154
271
271
293
292
1186
271
966
713
71
315
65
83
316
315
1044
315
394
41
51
41
553
43
356
315
316
315
170
316
315
969
315
553
1176
378
843
787
788
316
1118
316
316
41
797
223
553
969
316
316
1021
141
316
316
553
1236
316
188
1207
316
316
1284
393
336
207
1176
316
394
393
316
316
83
1200
828
316
316
41
83
316
85
316
1319
1236
316
954
1176
747
316
868
811
316
1317
843
370
394
316
877
316
805
316
365
393
316
843
316
394
316
223
503
749
288
316
316
873
316
1236
539
316
667
664
356
553
316
1215
316
1250
393
252
582
771
588
755
771
754
771
774
308
152
252
771
377
304
771
771
774
317
772
252
13
149
771
774
772
772
774
152
377
308
1254
317
1328
572
687
317
1142
1136
203
1144
1136
154
485
1136
1016
204
1136
1142
203
375
1142
1072
601
115
964
1249
924
1249
784
1326
924
923
1249
784
402
359
58
514
784
515
414
1307
784
860
804
1200
359
280
784
295
12
335
117
1023
335
950
515
1080
514
828
7
335
1200
903
335
524
507
333
335
1089
335
850
335
827
247
335
359
335
722
216
335
647
177
335
446
447
947
335
55
335
177
1010
77
335
194
247
227
627
335
116
227
369
1316
335
364
791
335
335
333
335
615
279
394
177
335
335
333
225
335
671
194
679
165
555
335
177
642
556
335
177
517
333
335
517
335
1201
335
775
248
293
154
394
393
107
394
540
394
188
1236
460
298
394
325
7
394
394
393
394
349
981
346
394
292
294
154
1248
394
1285
394
1290
394
1159
394
349
394
1007
394
154
223
394
293
154
310
223
394
394
378
223
394
184
394
188
385
302
246
394
458
325
326
394
394
223
394
982
1312
835
394
940
394
223
407
394
394
40
393
105
325
394
460
394
293
310
154
393
365
394
106
394
40
223
829
394
1193
105
393
407
394
1285
394
394
114
393
223
394
394
615
410
293
394
372
154
106
394
356
41
394
67
62
393
394
394
62
8
393
394
34
154
393
223
394
394
223
223
393
394
394
223
393
394
1081
394
36
1243
441
36
366
343
36
1245
1178
584
370
36
1026
247
1178
1283
1271
36
162
464
592
505
36
1272
177
36
928
934
36
929
42
278
36
276
233
821
364
225
36
1277
705
42
1178
36
1011
36
151
663
581
581
591
581
523
583
581
585
439
581
621
231
178
264
82
1198
178
178
41
1198
1013
1149
178
1200
615
640
41
117
690
770
617
801
416
1228
1156
221
33
305
577
754
753
90
754
780
779
754
577
306
619
340
306
340
306
306
308
81
340
576
431
619
307
618
307
117
164
755
1172
308
755
1212
676
657
755
755
657
676
755
1212
755
574
576
308
1172
1171
152
252
148
308
252
35
308
572
308
81
759
1239
177
759
813
41
759
38
759
737
630
180
541
759
645
680
759
682
759
177
1239
1078
1157
1169
525
225
1239
226
1239
800
225
333
953
828
85
7
1239
496
1259
343
756
128
452
255
128
128
452
756
1092
212
128
304
377
281
128
304
5
452
128
671
722
177
668
796
1042
177
117
650
722
177
1035
1034
222
177
309
194
177
1213
1212
360
1054
177
1313
177
722
177
761
727
728
177
360
212
212
360
177
177
1151
177
248
603
177
222
626
309
194
177
194
1130
650
309
309
194
177
650
668
177
345
647
1041
181
544
177
161
1092
177
723
12
295
295
718
227
1200
718
364
163
436
295
746
295
527
295
232
656
38
406
295
219
295
746
38
1220
295
1155
676
746
692
295
295
232
235
1045
295
232
446
227
295
216
232
295
668
607
295
629
516
232
295
656
607
628
746
38
329
746
327
694
665
38
117
746
817
746
813
41
737
746
38
541
512
828
746
656
746
541
1295
629
1078
746
645
718
746
732
436
302
93
296
961
302
296
1257
296
302
762
764
302
296
762
302
296
296
764
633
762
296
296
302
762
31
296
443
762
302
296
296
302
440
548
900
296
762
31
302
443
762
296
443
296
302
31
762
764
302
762
296
302
443
296
361
245
302
302
427
1236
197
302
443
764
762
302
762
302
835
302
31
762
302
548
302
909
302
909
762
548
904
762
184
550
302
302
361
393
8
302
956
1007
393
302
785
1235
1236
1003
1235
188
1236
1235
1237
1236
1235
188
1237
1199
1236
188
1236
1319
188
1236
188
1236
835
1236
1237
188
1236
1237
188
1147
1236
509
380
509
188
380
1236
1237
355
131
1266
1123
1053
355
1266
41
857
1306
573
863
820
573
611
312
573
820
276
233
574
691
574
574
691
653
804
574
691
700
432
618
576
576
745
577
340
1171
1172
481
577
618
431
432
619
592
780
779
618
619
1306
276
619
434
435
619
619
820
86
180
180
47
631
630
264
180
180
630
631
631
630
630
167
1262
630
630
83
813
630
41
765
630
408
341
630
630
631
599
408
630
1262
47
631
630
630
631
47
408
631
86
630
688
408
47
765
631
671
225
676
675
680
722
671
117
1263
76
1223
671
222
196
163
224
1283
222
130
193
222
806
644
806
222
644
193
626
222
222
1201
791
518
222
222
626
1042
600
247
222
222
194
309
222
828
222
959
1201
675
1271
821
675
1064
596
1011
564
444
675
132
675
903
332
675
451
413
675
524
723
564
675
903
675
809
451
675
792
132
675
792
682
541
675
225
675
593
712
903
903
593
675
451
162
675
1271
41
678
1155
541
1155
678
679
1001
1155
953
682
800
676
1155
1158
1155
682
902
246
223
223
1075
223
1194
106
1193
223
908
223
223
1314
940
223
223
1047
1267
223
737
223
223
737
1106
50
113
223
944
223
652
223
77
116
652
116
77
223
116
652
223
77
530
223
223
1017
408
223
303
341
223
77
118
223
652
225
652
77
223
246
1301
223
293
444
7
635
223
636
223
1141
118
223
1305
292
43
223
56
303
336
127
223
956
57
127
223
735
223
1244
223
1014
365
356
223
497
393
223
83
534
223
223
993
808
223
798
176
348
223
83
223
118
227
652
77
223
27
225
73
910
562
119
225
225
1157
332
225
785
83
932
364
333
225
330
225
1291
674
225
225
1157
364
225
268
225
364
1157
333
225
333
225
110
817
225
680
225
41
333
50
791
225
162
225
332
333
225
123
333
1082
475
225
333
494
110
1157
678
225
327
364
117
225
117
247
225
225
649
648
247
1157
563
1157
1011
680
678
623
447
678
541
678
565
447
718
812
678
95
678
311
678
447
446
496
1297
680
248
314
682
1227
845
682
227
1088
227
1026
343
247
154
706
294
227
227
664
1015
138
227
318
227
608
194
73
1324
560
1324
506
73
1324
84
856
783
389
39
39
856
1308
861
389
1100
1049
965
39
43
39
41
39
558
286
41
524
932
41
83
795
637
41
356
41
1174
699
1106
41
160
200
41
1198
41
1127
1124
658
41
41
1176
41
72
366
154
289
32
41
323
41
1198
43
41
655
654
17
43
41
1100
41
356
1198
323
41
297
41
25
355
41
751
43
704
43
710
655
43
127
286
43
1221
221
405
83
352
43
266
43
405
1195
43
999
962
43
352
405
96
292
426
154
244
68
154
240
292
154
1192
154
370
154
843
1226
154
393
154
292
293
154
920
292
388
154
292
696
337
311
300
1109
1042
642
1251
1129
1115
1054
642
556
642
600
656
642
269
556
642
248
507
642
775
1240
647
232
527
516
647
232
1223
311
280
311
337
666
311
257
646
280
311
575
311
337
359
790
838
311
232
311
950
514
997
311
446
496
311
337
311
280
58
528
421
311
1164
928
42
1134
929
42
934
1032
42
1134
928
934
1230
928
929
928
1052
47
4
47
52
721
83
47
717
629
536
535
530
747
749
530
536
530
108
533
533
530
188
660
427
188
385
427
188
660
1216
245
655
361
520
520
245
361
820
312
1327
1023
757
626
1023
1023
626
417
613
235
58
232
235
359
696
235
235
1080
868
356
699
1173
1106
699
1106
1173
868
356
356
699
334
292
240
1192
292
240
334
292
1192
334
240
48
240
706
46
292
292
706
20
294
770
499
706
776
244
850
37
244
292
244
46
172
246
291
1
250
937
828
246
1253
1007
104
246
182
293
246
292
250
456
347
516
250
292
488
780
289
1282
998
912
289
191
289
212
384
289
1273
1302
567
474
125
289
1040
614
388
289
610
1150
155
293
72
292
388
424
292
48
292
461
155
292
874
388
292
777
158
155
292
461
347
850
827
292
292
294
292
776
1248
292
833
292
388
920
292
388
292
34
255
881
292
1197
292
46
292
388
292
397
73
292
94
301
1231
293
1229
301
94
292
292
388
388
292
1294
1248
292
868
293
760
799
1260
1137
293
557
833
343
293
293
106
247
293
609
1077
1139
977
998
294
1002
843
750
162
1061
55
1271
1031
1272
1222
1272
626
1272
364
1203
50
1203
50
364
50
364
1203
50
364
1203
333
332
791
130
364
593
903
821
451
821
505
513
792
821
367
162
367
985
833
827
833
850
854
851
112
237
850
833
347
368
833
850
344
483
769
791
544
796
796
457
519
544
58
600
726
600
727
506
600
73
493
474
600
701
557
162
449
162
1182
586
612
590
545
589
615
612
460
615
460
615
460
615
765
341
1033
167
654
868
716
416
33
654
169
710
654
646
646
416
654
710
655
654
710
415
466
805
472
710
654
127
655
654
500
654
710
286
710
303
408
655
655
127
56
655
127
146
101
102
267
218
267
198
1198
218
1211
102
101
218
1255
101
218
1255
267
186
267
1098
267
954
101
186
267
1098
101
267
1091
267
102
101
102
267
1255
102
1198
269
119
226
161
442
1126
1201
722
1201
262
1202
58
1179
1202
262
1054
1202
1115
1206
262
1202
280
1179
1202
58
421
722
1274
1200
813
130
877
393
1279
1273
952
1273
1288
837
185
62
1038
1101
62
67
64
958
396
1
155
331
1077
1063
1139
977
1227
1063
456
877
541
524
1200
661
657
194
1061
194
55
150
194
978
1203
194
656
194
778
656
194
247
150
194
1042
194
656
194
1200
524
194
150
194
247
194
55
194
1061
385
427
864
385
23
864
385
1007
208
436
437
436
910
73
907
27
809
907
314
1185
73
1293
560
73
1253
1001
73
84
1253
806
73
73
560
73
506
1296
73
569
567
1153
125
567
569
1040
569
1040
567
887
1210
886
125
11
886
290
125
1210
125
69
1214
1214
125
69
786
423
122
1040
274
1040
399
375
1153
569
1019
1020
359
280
1020
337
1321
58
1020
253
1323
1311
1036
954
1036
954
896
1037
897
1076
889
897
1079
1037
895
896
1138
428
480
212
666
359
734
775
333
952
371
333
130
333
792
350
58
337
337
58
1304
359
337
337
12
386
514
12
386
137
173
337
359
280
337
337
359
236
337
58
1187
343
90
343
507
1287
828
1289
705
744
507
507
828
1287
1163
1165
284
6
132
0
132
6
398
132
6
321
318
132
6
398
132
0
6
132
6
6
132
398
0
3
378
247
118
77
444
247
389
248
613
539
454
490
656
626
626
304
627
845
723
696
1161
685
696
515
514
559
741
685
159
1163
1165
284
320
236
697
1164
741
1045
232
159
232
249
402
1303
232
1217
232
284
1165
790
575
232
58
693
418
232
232
527
1149
303
286
232
999
419
421
695
359
1165
1013
359
1165
866
300
1165
516
300
1165
236
10
173
386
514
359
696
515
514
696
515
515
838
697
514
284
319
1100
17
355
355
17
1100
359
804
811
808
804
653
804
207
653
208
656
359
300
1013
359
515
359
359
514
365
1315
811
494
493
495
474
794
474
495
638
794
493
474
494
495
493
494
504
474
474
638
404
584
474
470
794
334
474
1322
474
638
584
474
470
494
474
794
495
493
494
101
102
1091
905
254
25
102
922
37
921
37
921
37
922
405
458
83
892
893
37
501
502
61
980
37
259
353
259
353
261
1181
259
261
1181
906
261
1181
1181
261
906
976
261
949
139
20
522
382
830
739
420
621
522
382
522
531
526
26
21
531
831
1283
1288
824
824
605
161
565
791
824
505
130
824
464
130
605
161
791
824
831
58
1013
58
836
58
12
58
59
58
288
462
276
730
462
276
341
408
1262
672
408
765
1262
765
1262
673
672
217
765
1262
672
217
765
408
133
1039
1069
408
182
384
653
210
1140
205
230
208
207
210
938
207
946
1258
207
1076
238
868
210
208
30
210
108
103
533
738
210
108
210
103
30
471
21
865
471
1066
467
21
21
66
865
21
1066
867
867
21
992
471
867
75
865
21
21
702
471
401
21
1066
21
471
865
75
26
1160
26
1160
255
1067
257
255
255
387
257
416
1197
646
257
345
216
1219
303
1219
558
552
551
558
1219
1220
303
330
229
656
285
33
286
303
286
338
374
286
286
221
286
169
411
303
286
778
447
338
795
339
338
799
347
760
799
1292
651
1114
966
1122
966
960
634
966
598
1240
89
613
389
783
613
856
393
862
858
390
365
393
390
393
69
275
393
365
393
365
393
131
803
967
393
941
942
1270
393
288
83
405
113
1328
572
686
686
277
691
689
686
687
537
687
538
687
572
1328
277
328
689
826
422
273
691
705
538
691
582
691
582
572
691
309
847
691
844
691
844
780
46
995
1318
55
806
55
952
933
828
55
806
1318
159
1304
514
514
925
515
517
1126
917
251
952
1261
1178
1264
917
251
1178
952
378
251
1178
378
952
765
251
1099
1095
1099
511
1095
1099
1095
1095
69
1074
1095
450
1095
1099
252
149
13
13
252
13
252
828
1289
1287
828
979
806
1318
828
806
979
933
903
828
451
1318
828
524
1200
828
403
940
114
1025
1018
1028
1026
557
449
1137
175
239
383
1000
258
242
1050
175
242
258
174
299
1050
175
988
140
242
174
175
242
175
242
729
288
83
1143
288
360
106
1017
106
1092
106
1151
656
656
1151
656
351
1200
539
1329
170
1329
751
1135
899
83
683
6
83
83
1276
54
83
729
1203
83
83
553
83
729
389
124
83
1022
83
50
1247
83
930
85
45
45
85
113
85
65
1252
1004
553
1074
485
565
524
565
1246
565
170
570
1061
1080
997
997
1080
421
559
528
325
349
329
327
327
791
1253
84
856
358
856
389
424
856
783
389
856
389
1203
1308
1205
404
334
1322
794
373
334
1316
853
213
604
1327
320
977
354
805
977
1097
1077
977
1139
1043
1149
789
575
1166
98
97
166
171
303
78
182
183
182
868
182
987
735
805
1058
116
806
718
665
736
138
318
6
6
156
516
300
6
127
568
6
568
127
6
127
6
568
1234
6
1047
953
952
558
1001
800
953
558
954
1238
1175
1168
954
1311
954
1311
954
1311
954
1238
1168
202
635
717
363
270
721
720
720
410
778
86
1047
138
939
1234
318
7
602
7
905
69
1068
7
7
1014
667
539
539
872
911
1240
300
1076
897
1079
1079
1076
895
896
1079
1076
662
1116
1120
578
670
428
816
428
428
816
428
228
670
578
670
428
684
698
429
428
430
430
684
698
428
428
670
554
578
578
428
428
578
670
429
430
429
428
84
506
1317
714
69
1068
275
69
591
274
1292
69
275
1141
1162
538
357
825
277
33
169
168
171
1292
460
460
1189
715
1184
571
1184
460
1056
460
542
983
275
735
568
2
127
127
56
57
859
803
127
1197
416
1156
599
1156
646
646
1156
1096
646
1156
883
213
714
616
99
375
1046
213
1153
213
195
213
604
1153
28
213
913
916
1153
213
914
913
213
1153
1153
213
115
213
401
379
401
86
187
639
401
1320
1269
832
538
825
588
791
605
161
846
848
518
791
519
791
519
796
791
519
796
15
17
438
803
540
859
1071
765
672
765
1039
133
948
765
1069
765
1039
473
477
948
765
948
477
765
673
765
1069
126
765
673
201
133
937
936
1107
1168
1238
377
1282
1282
780
852
115
275
852
115
1017
1005
1154
196
1059
79
99
527
802
447
529
447
496
447
496
275
153
375
839
275
806
661
766
189
806
860
778
1222
1108
463
423
786
724
122
8
453
56
57
1132
56
324
199
547
948
673
490
1261
342
1278
604
1090
625
625
604
1278
511
604
651
879
604
511
604
878
511
1224
1278
604
625
604
511
752
1278
604
1090
511
625
1074
1298
641
1074
1119
955
1074
855
972
641
955
1074
1119
1119
1060
1074
1177
955
606
1074
98
894
1060
606
499
28
606
894
485
955
485
606
470
493
404
760
898
1153
1148
595
1146
1055
1055
1058
1057
873
643
763
459
60
95
1117
603
819
580
1204
1144
1204
1204
711
1068
809
1151
360
809
1256
281
174
810
174
673
498
383
988
175
988
144
175
383
144
175
673
1039
175
201
1069
496
529
409
1112
1117
1111
1105
1114
911
156
1242
927
1242
1196
1242
1062
1242
1196
994
1242
766
769
17
540
156
300
834
521
834
681
412
521
834
479
826
422
61
835
901
1270
748
517
1070
673
673
1030
882
673
201
1039
1208
673
126
340
1260
299
145
143
452
756
54
478
1276
13
14
181
632
161
1075
842
1048
646
324
1131
1048
951
646
378
841
817
378
1005
378
434
435
855
891
891
895
897
781
778
778
363
579
420
420
731
420
597
420
98
99
591
420
549
849
875
742
743
420
985
98
420
745
448
1268
540
677
224
587
637
775
1209
899
1000
254
905
129
121
254
129
254
121
254
157
1278
485
1191
1152
1281
476
946
1014
855
1152
855
1278
1281
823
1310
395
867
74
865
395
214
510
982
1290
946
822
589
476
166
168
951
511
1027
625
169
166
166
171
199
1131
169
489
324
971
171
1284
1154
1218
272
1312
63
1218
365
134
967
973
74
75
963
75
957
1241
865
74
481
482
481
482
53
400
136
53
985
835
1312
840
661
521
86
86
1211
1128
742
195
875
580
880
1083
622
714
622
714
1083
872
356
546
601
1275
52
52
1320
412
815
52
818
52
871
870
52
871
187
52
468
190
78
179
44
147
987
911
156
30
890
425
30
297
19
142
599
659
324
265
1208
882
138
1047
868
1128
762
184
433
637
492
594
637
433
637
399
98
1024
711
1148
263
215
78
179
770
532
762
455
542
762
313
987
840
1315
773
392
391
758
735
583
807
583
793
1053
965
602
935
1191
111
376
620
621
709
620
376
621
621
768
621
376
898
818
814
1027
625
894
1093
918
919
894
1093
918
919
1224
1300
1299
1224
1180
1060
1087
1177
1087
478
1174
478
1173
702
465
243
867
465
865
1008
256
243
1066
1145
1094
1241
1066
865
865
1066
1066
865
1241
1094
1066
1006
1094
996
1066
1167
865
865
1241
1241
865
867
865
1167
1103
1102
884
66
243
256
1145
243
898
439
991
993
192
1173
1106
1174
1173
1174
703
1265
1215
669
297
1325
297
1233
1233
297
885
9
1233
885
1101
1038
185
837
185
1101
941
942
943
